Sample Names	MutationTypes	SBS1	SBS5	SBS40
H460_5FU	A[C>A]A	0.0024432836055408025	0.1837794343281748	0.8137772820662845
H460_5FU	A[C>A]C	0.011696525202314522	0.26894873976906236	0.7193547350286231
H460_5FU	A[C>A]G	0.004316297546569661	0.250544770775864	0.7451389316775663
H460_5FU	A[C>A]T	0.006636828846889425	0.19033892548275655	0.8030242456703541
H460_5FU	A[C>G]A	0.01002059424873007	0.3021881376066675	0.6877912681446025
H460_5FU	A[C>G]C	0.009862013563936777	0.25589165662895946	0.7342463298071037
H460_5FU	A[C>G]G	0.003462581111146459	0.2876113810671795	0.708926037821674
H460_5FU	A[C>G]T	0.0054282507044594005	0.26708649278153324	0.7274852565140074
H460_5FU	A[C>T]A	0.06065055968246957	0.4392258679121808	0.5001235724053497
H460_5FU	A[C>T]C	0.027200407504502578	0.42784540154928763	0.5449541909462099
H460_5FU	A[C>T]G	0.9076997946890285	0.08535193143483209	0.006948273876139427
H460_5FU	A[C>T]T	0.031042555332140166	0.39590422917277523	0.5730532154950846
H460_5FU	A[T>A]A	0.007574410378176461	0.38805270179310886	0.6043728878287147
H460_5FU	A[T>A]C	0.025579650221415364	0.44146723713391883	0.5329531126446657
H460_5FU	A[T>A]G	0.009170802012413905	0.4074485813235222	0.5833806166640639
H460_5FU	A[T>A]T	0.001248422604693207	0.23489713988531644	0.7638544375099905
H460_5FU	A[T>C]A	0.0024043126511828	0.5659550306887174	0.4316406566600998
H460_5FU	A[T>C]C	0.019706037927070038	0.4823985952556394	0.49789536681729063
H460_5FU	A[T>C]G	0.0002830796633619296	0.5665544740732681	0.43316244626337
H460_5FU	A[T>C]T	0.013619530042133246	0.5046897784078821	0.4816906915499846
H460_5FU	A[T>G]A	0.0017683303299169725	0.22039298095656645	0.7778386887135166
H460_5FU	A[T>G]C	0.002341079612093647	0.16330319838630605	0.8343557220016002
H460_5FU	A[T>G]G	0.002082246865117224	0.34260479008882727	0.6553129630460555
H460_5FU	A[T>G]T	0.000520214042563254	0.12459100377466832	0.8748887821827683
H460_5FU	C[C>A]A	0.0012035372989463314	0.15917295511685567	0.839623507584198
H460_5FU	C[C>A]C	0.009435128334146592	0.1797374836688427	0.8108273879970108
H460_5FU	C[C>A]G	0.0020310147142726252	0.41874415846534835	0.5792248268203789
H460_5FU	C[C>A]T	1.1744858623154413e-15	0.189829250290818	0.8101707497091808
H460_5FU	C[C>G]A	0.00020460408718466855	0.32815725286707714	0.6716381430457382
H460_5FU	C[C>G]C	0.0005179018733644927	0.3396792785234459	0.6598028196031896
H460_5FU	C[C>G]G	0.011082856691934966	0.4353954704116054	0.5535216728964596
H460_5FU	C[C>G]T	1.1240954158874576e-15	0.26678826317383914	0.7332117368261597
H460_5FU	C[C>T]A	0.006352367767344969	0.34220225973775475	0.6514453724949003
H460_5FU	C[C>T]C	0.0009413452685755263	0.3678868685363305	0.6311717861950938
H460_5FU	C[C>T]G	0.6165765362035429	0.3057345195604021	0.07768894423605498
H460_5FU	C[C>T]T	0.0005528656794668865	0.3618687204558582	0.6375784138646751
H460_5FU	C[T>A]A	0.0013822351994377806	0.6319638848951034	0.36665387990545883
H460_5FU	C[T>A]C	0.0036069827020950335	0.26454184154578114	0.7318511757521238
H460_5FU	C[T>A]G	0.005034606562551415	0.4323483029545	0.5626170904829487
H460_5FU	C[T>A]T	0.002144319272740363	0.19695184882372463	0.800903831903535
H460_5FU	C[T>C]A	1.1866403877285944e-15	0.3930442153775474	0.6069557846224515
H460_5FU	C[T>C]C	0.015286625243161723	0.35316727536611425	0.631546099390724
H460_5FU	C[T>C]G	0.0015946715416036317	0.5116907704297938	0.48671455802860253
H460_5FU	C[T>C]T	0.00018924258418679635	0.36759622653361396	0.6322145308821993
H460_5FU	C[T>G]A	0.0007175304462314304	0.29072826075833197	0.7085542087954366
H460_5FU	C[T>G]C	0.0024897951966452014	0.30067975978533107	0.6968304450180237
H460_5FU	C[T>G]G	0.0013812765867957304	0.3673725143727129	0.6312462090404913
H460_5FU	C[T>G]T	0.0009617730412322175	0.2280210045528385	0.7710172224059293
H460_5FU	G[C>A]A	0.0076394197756096726	0.2738917587498679	0.7184688214745225
H460_5FU	G[C>A]C	0.0022666262372913982	0.28406462515595315	0.7136687486067556
H460_5FU	G[C>A]G	0.014577769280115402	0.32273371263424194	0.6626885180856427
H460_5FU	G[C>A]T	1.477881528982041e-15	0.2510120891010745	0.7489879108989239
H460_5FU	G[C>G]A	0.00012146836793837983	0.3292046398646528	0.6706738917674088
H460_5FU	G[C>G]C	0.0019392121104885914	0.333595884591424	0.6644649032980874
H460_5FU	G[C>G]G	0.007903013526283425	0.39924279737597373	0.5928541890977429
H460_5FU	G[C>G]T	2.0206209875455124e-15	0.3381619778630117	0.6618380221369863
H460_5FU	G[C>T]A	0.01695810794468546	0.41150172547177816	0.5715401665835366
H460_5FU	G[C>T]C	0.0003843630515154774	0.4968472758509616	0.5027683610975229
H460_5FU	G[C>T]G	0.7614139895452189	0.23858601045478087	1.4363927452910036e-16
H460_5FU	G[C>T]T	0.00016255065226797246	0.43726623365607037	0.5625712156916617
H460_5FU	G[T>A]A	0.0016848661273755937	0.4229129070021201	0.5754022268705044
H460_5FU	G[T>A]C	0.002472066416168061	0.3096983693644545	0.6878295642193775
H460_5FU	G[T>A]G	0.003553908941597392	0.3297528184890362	0.6666932725693663
H460_5FU	G[T>A]T	0.003285766546135655	0.22774475017355952	0.7689694832803048
H460_5FU	G[T>C]A	0.007381513419701308	0.5504916458931026	0.4421268406871961
H460_5FU	G[T>C]C	0.02022937021556505	0.4694882951613989	0.5102823346230361
H460_5FU	G[T>C]G	0.008147728683141372	0.5801194965500897	0.41173277476676895
H460_5FU	G[T>C]T	0.0004670788393436473	0.49842146234368206	0.5011114588169743
H460_5FU	G[T>G]A	5.56782098793771e-15	0.349426989760827	0.6505730102391674
H460_5FU	G[T>G]C	6.77049349301146e-15	0.2883281714829871	0.711671828517006
H460_5FU	G[T>G]G	0.004558020536217808	0.38552132739183775	0.6099206520719445
H460_5FU	G[T>G]T	0.00020735467604171434	0.18535501694768303	0.8144376283762753
H460_5FU	T[C>A]A	0.00020836446091558922	0.13822793005867487	0.8615637054804097
H460_5FU	T[C>A]C	0.009260275589418736	0.18640099726204998	0.8043387271485313
H460_5FU	T[C>A]G	4.853565468928594e-15	0.2780093296126036	0.7219906703873915
H460_5FU	T[C>A]T	1.8219568458812245e-05	0.21854455295045716	0.781437227481084
H460_5FU	T[C>G]A	1.2802899244449237e-15	0.2490175775303829	0.7509824224696159
H460_5FU	T[C>G]C	0.001068650784482901	0.22219223048827452	0.7767391187272426
H460_5FU	T[C>G]G	0.002498720562820644	0.34192419734987517	0.6555770820873043
H460_5FU	T[C>G]T	0.004890473061931795	0.21762650679337986	0.7774830201446883
H460_5FU	T[C>T]A	0.002594781195213444	0.2635416777451116	0.733863541059675
H460_5FU	T[C>T]C	0.00010094747198996954	0.34569249975088123	0.6542065527771288
H460_5FU	T[C>T]G	0.4988955064229381	0.4004880268779561	0.10061646669910587
H460_5FU	T[C>T]T	6.352743099615501e-16	0.33223947375936114	0.6677605262406383
H460_5FU	T[T>A]A	0.05774446090704342	0.30112438275166115	0.6411311563412955
H460_5FU	T[T>A]C	1.7052089892227952e-15	0.17581203339287743	0.8241879666071207
H460_5FU	T[T>A]G	0.00035370807639591395	0.3360454069490387	0.6636008849745655
H460_5FU	T[T>A]T	0.008314932861554483	0.17958075255504014	0.8121043145834055
H460_5FU	T[T>C]A	0.0012321377980087584	0.48302222106720005	0.5157456411347913
H460_5FU	T[T>C]C	0.02486756630161629	0.39557453079974003	0.5795579028986436
H460_5FU	T[T>C]G	0.0031082307823859195	0.5269860910908094	0.46990567812680456
H460_5FU	T[T>C]T	0.020251703198410926	0.4805304260184042	0.4992178707831849
H460_5FU	T[T>G]A	1.897564262122049e-15	0.24668210050725406	0.7533178994927441
H460_5FU	T[T>G]C	0.00035370055556288723	0.23386406156325795	0.7657822378811793
H460_5FU	T[T>G]G	0.004493353986268377	0.2970551285648755	0.6984515174488563
H460_5FU	T[T>G]T	6.625370722560995e-16	0.2227484009693633	0.777251599030636
