Sample Names	MutationTypes	SBS1	SBS5	SBS40
B1_100RPMI_P1_C1	A[C>A]A	0.0025544471665863177	0.194146654373956	0.8032988984594577
B1_100RPMI_P1_C1	A[C>A]C	0.012150424473119521	0.2823020680731472	0.7055475074537332
B1_100RPMI_P1_C1	A[C>A]G	0.0044914104333122476	0.2634308709475744	0.7320777186191133
B1_100RPMI_P1_C1	A[C>A]T	0.006933939896748577	0.20093566332430687	0.7921303967789445
B1_100RPMI_P1_C1	A[C>G]A	0.010386698191852858	0.31649831642456344	0.6731149853835837
B1_100RPMI_P1_C1	A[C>G]C	0.010255031585130832	0.2688669926469615	0.7208779757679077
B1_100RPMI_P1_C1	A[C>G]G	0.0035940499314563784	0.30164780895257376	0.6947581411159699
B1_100RPMI_P1_C1	A[C>G]T	0.00564167560163132	0.2804852934782475	0.7138730309201212
B1_100RPMI_P1_C1	A[C>T]A	0.06209989295932492	0.4544163041456093	0.48348380289506576
B1_100RPMI_P1_C1	A[C>T]C	0.02792536648389958	0.44383372188316006	0.5282409116329404
B1_100RPMI_P1_C1	A[C>T]G	0.9072434389636331	0.08619953220296006	0.006557028833406905
B1_100RPMI_P1_C1	A[C>T]T	0.03193228066943979	0.4115025888396483	0.5565651304909118
B1_100RPMI_P1_C1	A[T>A]A	0.007806204125704849	0.40410268917762926	0.5880911066966659
B1_100RPMI_P1_C1	A[T>A]C	0.026239530678702706	0.45758301624650355	0.5161774530747937
B1_100RPMI_P1_C1	A[T>A]G	0.009438078862209593	0.4237005727325728	0.5668613484052177
B1_100RPMI_P1_C1	A[T>A]T	0.0013007067077549577	0.24728936642225646	0.7514099268699886
B1_100RPMI_P1_C1	A[T>C]A	0.002448862886230062	0.5824590655277798	0.4150920715859901
B1_100RPMI_P1_C1	A[T>C]C	0.020165068819382546	0.498788446664396	0.48104648451622156
B1_100RPMI_P1_C1	A[T>C]G	0.0002883480481872842	0.5831227372702342	0.41658891468157844
B1_100RPMI_P1_C1	A[T>C]T	0.013920579435066973	0.521230303100785	0.4648491174641481
B1_100RPMI_P1_C1	A[T>G]A	0.0018441793681934627	0.2322455915223351	0.7659102291094714
B1_100RPMI_P1_C1	A[T>G]C	0.0024510852263600505	0.17276146454027183	0.8247874502333681
B1_100RPMI_P1_C1	A[T>G]G	0.0021533329274229566	0.35799944386822274	0.6398472232043543
B1_100RPMI_P1_C1	A[T>G]T	0.0005461837580145063	0.13217622726602862	0.867277588975957
B1_100RPMI_P1_C1	C[C>A]A	0.001260535703676139	0.1684514808354012	0.8302879834609227
B1_100RPMI_P1_C1	C[C>A]C	0.009863140795112196	0.18985237526308293	0.8002844839418048
B1_100RPMI_P1_C1	C[C>A]G	0.0020894547699759204	0.43528993282033684	0.5626206124096873
B1_100RPMI_P1_C1	C[C>A]T	1.2275826693715581e-15	0.20048230390358618	0.7995176960964125
B1_100RPMI_P1_C1	C[C>G]A	0.00021182179082575225	0.34327983646871724	0.656508341740457
B1_100RPMI_P1_C1	C[C>G]C	0.0005357383897120912	0.355045732671468	0.64441852893882
B1_100RPMI_P1_C1	C[C>G]G	0.011382911723311823	0.4518512766123548	0.5367658116643333
B1_100RPMI_P1_C1	C[C>G]T	1.1686841007333402e-15	0.28026614215668283	0.719733857843316
B1_100RPMI_P1_C1	C[C>T]A	0.006567793835536968	0.3575005449762853	0.6359316611881777
B1_100RPMI_P1_C1	C[C>T]C	0.0009718620386271901	0.3837778607585628	0.61525027720281
B1_100RPMI_P1_C1	C[C>T]G	0.617284060230876	0.3092804738656071	0.07343546590351685
B1_100RPMI_P1_C1	C[C>T]T	0.000571036540108516	0.37766372289336736	0.6217652405665242
B1_100RPMI_P1_C1	C[T>A]A	0.0014016831698658212	0.6475452580347701	0.351053058795364
B1_100RPMI_P1_C1	C[T>A]C	0.0037498535562164033	0.27789106112669226	0.7183590853170913
B1_100RPMI_P1_C1	C[T>A]G	0.005173780043612942	0.44893776399892205	0.545888455957465
B1_100RPMI_P1_C1	C[T>A]T	0.0022398754652699043	0.2078760435804705	0.7898840809542597
B1_100RPMI_P1_C1	C[T>C]A	1.2230703154463394e-15	0.40933951046590333	0.5906604895340953
B1_100RPMI_P1_C1	C[T>C]C	0.0157850355779173	0.36848885568317147	0.6157261087389113
B1_100RPMI_P1_C1	C[T>C]G	0.0016302661709761501	0.5285728027703752	0.4697969310586486
B1_100RPMI_P1_C1	C[T>C]T	0.00019538985477010783	0.38349891677438874	0.6163056933708412
B1_100RPMI_P1_C1	C[T>G]A	0.0007447327627241242	0.30489993600664844	0.6943553312306274
B1_100RPMI_P1_C1	C[T>G]C	0.002582153184595234	0.3150884832137548	0.68232936360165
B1_100RPMI_P1_C1	C[T>G]G	0.0014260691849445623	0.3832450574370079	0.6153288733780476
B1_100RPMI_P1_C1	C[T>G]T	0.001002544929829471	0.24016850621756677	0.7588289488526038
B1_100RPMI_P1_C1	G[C>A]A	0.007935044602363937	0.28746032961965357	0.7046046257779824
B1_100RPMI_P1_C1	G[C>A]C	0.0023534238046330758	0.2980213249078732	0.6996252512874939
B1_100RPMI_P1_C1	G[C>A]G	0.015085101462226308	0.33745157068567094	0.6474633278521026
B1_100RPMI_P1_C1	G[C>A]T	1.5381755807706168e-15	0.2639799159484748	0.7360200840515239
B1_100RPMI_P1_C1	G[C>G]A	0.00012574490751182356	0.34435239974384174	0.6555218553486465
B1_100RPMI_P1_C1	G[C>G]C	0.002006670629323859	0.34880397101141414	0.649189358359262
B1_100RPMI_P1_C1	G[C>G]G	0.008138489232063317	0.4154302477784871	0.5764312629894496
B1_100RPMI_P1_C1	G[C>G]T	2.0904910598327855e-15	0.3535071374358125	0.6464928625641854
B1_100RPMI_P1_C1	G[C>T]A	0.01743971590316403	0.42760583997471824	0.5549544441221178
B1_100RPMI_P1_C1	G[C>T]C	0.00039336518129245643	0.5137917811816336	0.485814853637074
B1_100RPMI_P1_C1	G[C>T]G	0.7595223841154294	0.2404776158845703	1.3528246087073118e-16
B1_100RPMI_P1_C1	G[C>T]T	0.00016703484802766406	0.45401925144362887	0.5458137137083434
B1_100RPMI_P1_C1	G[T>A]A	0.0017328880957452198	0.43950722167935236	0.5587598902249025
B1_100RPMI_P1_C1	G[T>A]C	0.0025621812138038034	0.32433855943878304	0.6730992593474132
B1_100RPMI_P1_C1	G[T>A]G	0.0036781634450591297	0.3448444183204381	0.6514774182345028
B1_100RPMI_P1_C1	G[T>A]T	0.003424660293623202	0.23984967062036364	0.7567256690860132
B1_100RPMI_P1_C1	G[T>C]A	0.007524011507829123	0.5669760668753611	0.4254999216168098
B1_100RPMI_P1_C1	G[T>C]C	0.020718111304194407	0.4858503563082558	0.4934315323875499
B1_100RPMI_P1_C1	G[T>C]G	0.00828806912511571	0.5962717364295386	0.39544019444534567
B1_100RPMI_P1_C1	G[T>C]T	0.0004779649570190898	0.5153621936678817	0.48415984137509915
B1_100RPMI_P1_C1	G[T>G]A	5.755902268872689e-15	0.36500141764399185	0.6349985823560024
B1_100RPMI_P1_C1	G[T>G]C	7.028622466318963e-15	0.3024453598397506	0.6975546401602423
B1_100RPMI_P1_C1	G[T>G]G	0.004699134145475619	0.4016057579295868	0.5936951079249375
B1_100RPMI_P1_C1	G[T>G]T	0.0002167934468240705	0.1958152984972732	0.8039679080559028
B1_100RPMI_P1_C1	T[C>A]A	0.00021856287606417552	0.14650704589728789	0.853274391226648
B1_100RPMI_P1_C1	T[C>A]C	0.009675988018829377	0.1968020412255463	0.7935219707556243
B1_100RPMI_P1_C1	T[C>A]G	5.042190030066845e-15	0.2918284607736195	0.7081715392263754
B1_100RPMI_P1_C1	T[C>A]T	1.9005425662139862e-05	0.23035065842054894	0.7696303361537888
B1_100RPMI_P1_C1	T[C>G]A	1.3327060535049185e-15	0.26191839659238364	0.738081603407615
B1_100RPMI_P1_C1	T[C>G]C	0.00111439527145058	0.23412202789877193	0.7647635768297774
B1_100RPMI_P1_C1	T[C>G]G	0.002584083060956337	0.3572963431591908	0.6401195737798528
B1_100RPMI_P1_C1	T[C>G]T	0.005100288226840063	0.2293324952561404	0.7655672165170195
B1_100RPMI_P1_C1	T[C>T]A	0.0026979036526441143	0.2768757738720068	0.7204263224753491
B1_100RPMI_P1_C1	T[C>T]C	0.00010438358148544105	0.36119078372313634	0.6387048326953781
B1_100RPMI_P1_C1	T[C>T]G	0.49961355771786015	0.4052510197934475	0.09513542248869239
B1_100RPMI_P1_C1	T[C>T]T	6.575081459085773e-16	0.3474569728001211	0.6525430271998782
B1_100RPMI_P1_C1	T[T>A]A	0.05969365507900134	0.31453843398080256	0.625767910940196
B1_100RPMI_P1_C1	T[T>A]C	1.784031223723939e-15	0.18585891233697951	0.8141410876630187
B1_100RPMI_P1_C1	T[T>A]G	0.00036598441032099194	0.35133832833195255	0.6482956872577263
B1_100RPMI_P1_C1	T[T>A]T	0.008692791832832674	0.18970128675840323	0.8016059214087641
B1_100RPMI_P1_C1	T[T>C]A	0.0012621178944680507	0.499939798831061	0.4987980832744709
B1_100RPMI_P1_C1	T[T>C]C	0.025589958084884113	0.4113150195111525	0.5630950224039634
B1_100RPMI_P1_C1	T[T>C]G	0.003174046115631272	0.543762288655554	0.4530636652288147
B1_100RPMI_P1_C1	T[T>C]T	0.020725424375108315	0.4969042670782889	0.4823703085466028
B1_100RPMI_P1_C1	T[T>G]A	1.9755704053392644e-15	0.25950373550360584	0.7404962644963922
B1_100RPMI_P1_C1	T[T>G]C	0.0003685590539702476	0.24623216701085762	0.7533992739351723
B1_100RPMI_P1_C1	T[T>G]G	0.004660653579034172	0.31133159843615865	0.6840077479848071
B1_100RPMI_P1_C1	T[T>G]T	6.909139563515288e-16	0.2347136423977295	0.7652863576022698
B2_150URI_P5_C9	A[C>A]A	0.002436143293953572	0.21219428166533646	0.78536957504071
B2_150URI_P5_C9	A[C>A]C	0.011473743808169365	0.3055101319827618	0.6830161242090688
B2_150URI_P5_C9	A[C>A]G	0.004249655786844573	0.2856508617706643	0.7100994824424911
B2_150URI_P5_C9	A[C>A]T	0.0066083315297395554	0.21946568990626864	0.7739259785639919
B2_150URI_P5_C9	A[C>G]A	0.00976969924451664	0.34117165794323767	0.6490586428122457
B2_150URI_P5_C9	A[C>G]C	0.009698345127685514	0.2914043174474328	0.6988973374248818
B2_150URI_P5_C9	A[C>G]G	0.0033857256903915764	0.3256609590297964	0.6709533152798121
B2_150URI_P5_C9	A[C>G]T	0.005327760774461757	0.3035600114335555	0.6911122277919828
B2_150URI_P5_C9	A[C>T]A	0.05757857226029348	0.48286063944109864	0.4595607882986078
B2_150URI_P5_C9	A[C>T]C	0.025902270776527223	0.47179910620588755	0.5022986230175852
B2_150URI_P5_C9	A[C>T]G	0.8958189625293072	0.09754369075268633	0.006637346718006482
B2_150URI_P5_C9	A[C>T]T	0.029729445482436827	0.4390634671163264	0.5312070874012367
B2_150URI_P5_C9	A[T>A]A	0.007269642197207438	0.43128339030332596	0.5614469674994665
B2_150URI_P5_C9	A[T>A]C	0.024300151727989504	0.48564696487982173	0.4900528833921889
B2_150URI_P5_C9	A[T>A]G	0.008770336630750782	0.45122127896353825	0.5400083844057111
B2_150URI_P5_C9	A[T>A]T	0.0012328772552319847	0.2686233509117639	0.7301437718330042
B2_150URI_P5_C9	A[T>C]A	0.002235378739384194	0.6093262887282188	0.3884383325323969
B2_150URI_P5_C9	A[T>C]C	0.018586294557603678	0.5268747093596016	0.4545389960827948
B2_150URI_P5_C9	A[T>C]G	0.0002631784440278623	0.6099456447472211	0.389791176808751
B2_150URI_P5_C9	A[T>C]T	0.01279685294994338	0.5491277396944692	0.43807540735558753
B2_150URI_P5_C9	A[T>G]A	0.0017510496412147026	0.25272059654110124	0.7455283538176841
B2_150URI_P5_C9	A[T>G]C	0.002343339450352237	0.18928732267980447	0.8083693378698432
B2_150URI_P5_C9	A[T>G]G	0.002015515988288446	0.38402126864790875	0.6139632153638028
B2_150URI_P5_C9	A[T>G]T	0.0005246108630429893	0.1454955495841222	0.8539798395528349
B2_150URI_P5_C9	C[C>A]A	0.0012056905733852368	0.18465174117593386	0.814142568250681
B2_150URI_P5_C9	C[C>A]C	0.009412660297670364	0.2076400130487584	0.7829473266535714
B2_150URI_P5_C9	C[C>A]G	0.0019387693439123772	0.4628813175095986	0.5351799131464889
B2_150URI_P5_C9	C[C>A]T	1.1698036696810639e-15	0.21894555628977894	0.7810544437102199
B2_150URI_P5_C9	C[C>G]A	0.00019858648153879145	0.36882911823835524	0.6309722952801061
B2_150URI_P5_C9	C[C>G]C	0.0005015987485320503	0.3809656625615235	0.6185327386899445
B2_150URI_P5_C9	C[C>G]G	0.010544709868051972	0.4797054366745211	0.5097498534574268
B2_150URI_P5_C9	C[C>G]T	1.10353572262689e-15	0.3032897659254061	0.6967102340745929
B2_150URI_P5_C9	C[C>T]A	0.006148430151422861	0.38354762683954374	0.6103039430090333
B2_150URI_P5_C9	C[C>T]C	0.0009069906886691287	0.4104648641322874	0.5886281451790435
B2_150URI_P5_C9	C[C>T]G	0.589566601060507	0.33853078799486086	0.0719026109446321
B2_150URI_P5_C9	C[C>T]T	0.0005332829094788201	0.4042005464417712	0.59526617064875
B2_150URI_P5_C9	C[T>A]A	0.001270335340299143	0.6725684776189621	0.32616118704073876
B2_150URI_P5_C9	C[T>A]C	0.003542093456020717	0.30082792291890365	0.6956299836250757
B2_150URI_P5_C9	C[T>A]G	0.004793669345666357	0.47669885849170596	0.5185074721626277
B2_150URI_P5_C9	C[T>A]T	0.0021327487209762725	0.22683920670522104	0.7710280445738027
B2_150URI_P5_C9	C[T>C]A	1.1381231109161086e-15	0.43653527384006857	0.5634647261599303
B2_150URI_P5_C9	C[T>C]C	0.014761986177116703	0.3949312019510742	0.5903068118718091
B2_150URI_P5_C9	C[T>C]G	0.0014970174523061361	0.5562512752231176	0.4422517073245763
B2_150URI_P5_C9	C[T>C]T	0.00018235008427752405	0.4101719521740284	0.5896456977416941
B2_150URI_P5_C9	C[T>G]A	0.000701258290479092	0.32902791218836397	0.670270829521157
B2_150URI_P5_C9	C[T>G]C	0.002428706811563575	0.33964363273769854	0.6579276604507379
B2_150URI_P5_C9	C[T>G]G	0.0013309739056773955	0.40992402079797063	0.5887450052963519
B2_150URI_P5_C9	C[T>G]T	0.0009510332097969058	0.26109932819636095	0.7379496385938421
B2_150URI_P5_C9	G[C>A]A	0.007487967887917404	0.31087827976072246	0.6816337523513601
B2_150URI_P5_C9	G[C>A]C	0.0022178614276431633	0.3218692342889755	0.6759129042833814
B2_150URI_P5_C9	G[C>A]G	0.014156852295075155	0.36293410350810346	0.6229090441968214
B2_150URI_P5_C9	G[C>A]T	1.4551347962290746e-15	0.28619764752053906	0.7138023524794594
B2_150URI_P5_C9	G[C>G]A	0.0001178733933091569	0.3699357935557504	0.6299463330509404
B2_150URI_P5_C9	G[C>G]C	0.0018801899385737623	0.3745457820165996	0.6235740280448265
B2_150URI_P5_C9	G[C>G]G	0.007569494491440529	0.4428116706678045	0.5496188348407549
B2_150URI_P5_C9	G[C>G]T	1.957591808527156e-15	0.37937601564591167	0.6206239843540864
B2_150URI_P5_C9	G[C>T]A	0.016201783195425045	0.455265665061273	0.528532551743302
B2_150URI_P5_C9	G[C>T]C	0.0003617969825148009	0.541569299863518	0.45806890315396714
B2_150URI_P5_C9	G[C>T]G	0.7337543014494794	0.2662456985505205	1.3398080210598785e-16
B2_150URI_P5_C9	G[C>T]T	0.00015465695542581063	0.481764171096902	0.5180811719476721
B2_150URI_P5_C9	G[T>A]A	0.0016071436564333433	0.4671410746198033	0.5312517817237633
B2_150URI_P5_C9	G[T>A]C	0.002407388769240754	0.3492471179094891	0.6483454933212701
B2_150URI_P5_C9	G[T>A]G	0.003448010477387033	0.37047474999676666	0.6260772395258463
B2_150URI_P5_C9	G[T>A]T	0.003249004556140176	0.2607773142004771	0.7359736812433827
B2_150URI_P5_C9	G[T>C]A	0.006880648593106769	0.5942134992839035	0.3989058521229896
B2_150URI_P5_C9	G[T>C]C	0.01912384962355264	0.5139555303098761	0.46692062006657137
B2_150URI_P5_C9	G[T>C]G	0.00755504006293673	0.6229102697113511	0.36953469022571206
B2_150URI_P5_C9	G[T>C]T	0.0004395316096280987	0.5431308516299482	0.45642961676042365
B2_150URI_P5_C9	G[T>G]A	5.382977439959952e-15	0.3912024441053523	0.6087975558946424
B2_150URI_P5_C9	G[T>G]C	6.6200527677649806e-15	0.3264645435083606	0.6735354564916327
B2_150URI_P5_C9	G[T>G]G	0.0043770493075288115	0.4287078014110314	0.5669151492814398
B2_150URI_P5_C9	G[T>G]T	0.00020670175786658486	0.21396488199866803	0.7858284162434654
B2_150URI_P5_C9	T[C>A]A	0.00020957982173314168	0.16100132162201064	0.8387890985562563
B2_150URI_P5_C9	T[C>A]C	0.009226617088617451	0.21506742432362558	0.7757059585877569
B2_150URI_P5_C9	T[C>A]G	4.754837817709563e-15	0.31538570381745434	0.684614296182541
B2_150URI_P5_C9	T[C>A]T	1.8048803821502755e-05	0.25070219787489123	0.7492797533212873
B2_150URI_P5_C9	T[C>G]A	1.2610551353065323e-15	0.28402957756585817	0.7159704224341407
B2_150URI_P5_C9	T[C>G]C	0.0010578728460275398	0.2547031675554349	0.7442389595985376
B2_150URI_P5_C9	T[C>G]G	0.002418914344938236	0.3833014410308213	0.6142796446242406
B2_150URI_P5_C9	T[C>G]T	0.004844723982814505	0.24965356716114587	0.7455017088560396
B2_150URI_P5_C9	T[C>T]A	0.00254865842506975	0.29975609036588424	0.6976952512090461
B2_150URI_P5_C9	T[C>T]C	9.766288104190216e-05	0.38728605354369255	0.6126162835752654
B2_150URI_P5_C9	T[C>T]G	0.47063457734018826	0.4374934876243155	0.09187193503549619
B2_150URI_P5_C9	T[C>T]T	6.161301793932502e-16	0.3731386498056437	0.6268613501943557
B2_150URI_P5_C9	T[T>A]A	0.05622581791193101	0.3395308103774664	0.6042433717106025
B2_150URI_P5_C9	T[T>A]C	1.702930155443443e-15	0.20331790971440256	0.7966820902855957
B2_150URI_P5_C9	T[T>A]G	0.0003428047138124319	0.37714433551592547	0.6225128597702622
B2_150URI_P5_C9	T[T>A]T	0.008295676315463473	0.2074725549448309	0.7842317687397056
B2_150URI_P5_C9	T[T>C]A	0.0011626447239083816	0.5277918404248608	0.47104551485123075
B2_150URI_P5_C9	T[T>C]C	0.023821609408717328	0.4388074104334644	0.5373709801578183
B2_150URI_P5_C9	T[T>C]G	0.0029098154495248393	0.5712933355032346	0.4257968490472406
B2_150URI_P5_C9	T[T>C]T	0.01910703771567273	0.525001464579117	0.4558914977052102
B2_150URI_P5_C9	T[T>G]A	1.8698732891588778e-15	0.2814888130793533	0.7185111869206448
B2_150URI_P5_C9	T[T>G]C	0.00034937393240866443	0.26750140086532453	0.7321492252022669
B2_150URI_P5_C9	T[T>G]G	0.004385779796274501	0.3357538956131488	0.6598603245905768
B2_150URI_P5_C9	T[T>G]T	6.558086425322161e-16	0.2553226616604362	0.7446773383395631
B2_150URI_P6_C1	A[C>A]A	0.0024367131117439887	0.2058203531691634	0.7917429337190925
B2_150URI_P6_C1	A[C>A]C	0.011518256463565482	0.2974132318179864	0.6910685117184481
B2_150URI_P6_C1	A[C>A]G	0.004262657276619542	0.277853116876878	0.7178842258465024
B2_150URI_P6_C1	A[C>A]T	0.006611928976365676	0.21293941881411588	0.7804486522095184
B2_150URI_P6_C1	A[C>G]A	0.00982087967783159	0.33257929971327344	0.657599820608895
B2_150URI_P6_C1	A[C>G]C	0.00973057751405681	0.28352413642050345	0.7067452860654397
B2_150URI_P6_C1	A[C>G]G	0.003401267587436172	0.3172545078883539	0.6793442245242098
B2_150URI_P6_C1	A[C>G]T	0.0053477706248344	0.29547836586385573	0.69917386351131
B2_150URI_P6_C1	A[C>T]A	0.05821855301799315	0.4734513870806053	0.4683300599014015
B2_150URI_P6_C1	A[C>T]C	0.026172401484876536	0.46229151371214927	0.5115360848029742
B2_150URI_P6_C1	A[C>T]G	0.8984242682792206	0.0948666314779012	0.006709100242878217
B2_150URI_P6_C1	A[C>T]T	0.03000254909387718	0.4296865122629656	0.5403109386431573
B2_150URI_P6_C1	A[T>A]A	0.007332917541398377	0.42187090142722705	0.5707961810313746
B2_150URI_P6_C1	A[T>A]C	0.024566372557797988	0.47610835203500024	0.4993252754072018
B2_150URI_P6_C1	A[T>A]G	0.00885357160516635	0.44171778506600384	0.5494286433288298
B2_150URI_P6_C1	A[T>A]T	0.0012358145597515795	0.26111408673483655	0.7376500987054119
B2_150URI_P6_C1	A[T>C]A	0.0022702972981285675	0.6001151691849443	0.39761453351692716
B2_150URI_P6_C1	A[T>C]C	0.01881897962615927	0.5173252562503736	0.463855764123467
B2_150URI_P6_C1	A[T>C]G	0.00026729171494039157	0.6007300953939594	0.3990026128911002
B2_150URI_P6_C1	A[T>C]T	0.01296760509974333	0.5396138063416951	0.4474185885585615
B2_150URI_P6_C1	A[T>G]A	0.0017541620493119147	0.24550761279354044	0.7527382251571476
B2_150URI_P6_C1	A[T>G]C	0.0023418391380020946	0.18344102022426748	0.8142171406377305
B2_150URI_P6_C1	A[T>G]G	0.0020292842002411614	0.3749427644613957	0.6230279513383632
B2_150URI_P6_C1	A[T>G]T	0.0005233937657397688	0.14076479369077255	0.8587118125434877
B2_150URI_P6_C1	C[C>A]A	0.0012046949642818274	0.17891539410288607	0.8198799109328321
B2_150URI_P6_C1	C[C>A]C	0.009413743798392596	0.20137896728680066	0.7892072889148067
B2_150URI_P6_C1	C[C>A]G	0.001957941950177972	0.45331114084955115	0.5447309172002708
B2_150URI_P6_C1	C[C>A]T	1.170356282277937e-15	0.21241946914217144	0.7875805308578274
B2_150URI_P6_C1	C[C>G]A	0.00019982357967347062	0.35989459676632296	0.6399055796540035
B2_150URI_P6_C1	C[C>G]C	0.0005049599030164496	0.3719112841873086	0.6275837559096749
B2_150URI_P6_C1	C[C>G]G	0.010656623367479556	0.47012429513863396	0.5192190814938865
B2_150URI_P6_C1	C[C>G]T	1.1076222177530842e-15	0.29519982178063314	0.7048001782193658
B2_150URI_P6_C1	C[C>T]A	0.0061905211188031444	0.37448578621426	0.6193236926669369
B2_150URI_P6_C1	C[C>T]C	0.0009141067375015951	0.4011650977952372	0.5979207954672613
B2_150URI_P6_C1	C[C>T]G	0.5953288400673331	0.3314937113947934	0.07317744853787345
B2_150URI_P6_C1	C[C>T]T	0.0005373359319721411	0.3949464243699394	0.6045162396980884
B2_150URI_P6_C1	C[T>A]A	0.0012933377919119575	0.6640230714849042	0.3346835907231838
B2_150URI_P6_C1	C[T>A]C	0.0035549746737523536	0.29278425177967454	0.7036607735465731
B2_150URI_P6_C1	C[T>A]G	0.004843762471941139	0.46710223838691056	0.5280539991411483
B2_150URI_P6_C1	C[T>A]T	0.00213443509034516	0.22014785305978649	0.7777177118498684
B2_150URI_P6_C1	C[T>C]A	1.1481950721822629e-15	0.4270697898096006	0.5729302101903982
B2_150URI_P6_C1	C[T>C]C	0.01487056133935006	0.3857954382059645	0.5993340004546855
B2_150URI_P6_C1	C[T>C]G	0.0015172734787948366	0.5467151333354583	0.45176759318574683
B2_150URI_P6_C1	C[T>C]T	0.00018377763581122587	0.40087200136783635	0.5989442209963525
B2_150URI_P6_C1	C[T>G]A	0.0007045532896341404	0.32056909617786544	0.6787263505325004
B2_150URI_P6_C1	C[T>G]C	0.0024411450854257754	0.3310511119352723	0.6665077429793019
B2_150URI_P6_C1	C[T>G]G	0.0013413930594410564	0.4006295271782281	0.5980290797623309
B2_150URI_P6_C1	C[T>G]T	0.0009530227370093901	0.2537268375778296	0.745320139685161
B2_150URI_P6_C1	G[C>A]A	0.007518326060403582	0.30269178616264836	0.6897898877769482
B2_150URI_P6_C1	G[C>A]C	0.0022276980683346706	0.3135122103349938	0.6842600915966714
B2_150URI_P6_C1	G[C>A]G	0.01424339620178651	0.354101450610849	0.6316551531873644
B2_150URI_P6_C1	G[C>A]T	1.4595681799131826e-15	0.2783814502808696	0.721618549719129
B2_150URI_P6_C1	G[C>G]A	0.0001186126501114149	0.36098956649156555	0.638891820858323
B2_150URI_P6_C1	G[C>G]C	0.0018923430580014434	0.36555786336990875	0.6325497935720898
B2_150URI_P6_C1	G[C>G]G	0.007638786279131276	0.43334083248118715	0.5590203812396816
B2_150URI_P6_C1	G[C>G]T	1.970581272592652e-15	0.37033533864855755	0.6296646613514405
B2_150URI_P6_C1	G[C>T]A	0.016359061062695	0.44577276168546937	0.5378681772518356
B2_150URI_P6_C1	G[C>T]C	0.0003664810876519544	0.5319780795511212	0.4676554393612268
B2_150URI_P6_C1	G[C>T]G	0.7397148682509395	0.26028513174906037	1.36133438508745e-16
B2_150URI_P6_C1	G[C>T]T	0.00015629783902390898	0.47214031784223925	0.5277033843187369
B2_150URI_P6_C1	G[T>A]A	0.001623298883996165	0.4575567007307347	0.5408200003852692
B2_150URI_P6_C1	G[T>A]C	0.002420608712739341	0.3405369684839691	0.6570424228032915
B2_150URI_P6_C1	G[T>A]G	0.0034697984755329295	0.3615325141760323	0.6349976873484348
B2_150URI_P6_C1	G[T>A]T	0.0032558203566641986	0.25341539494038523	0.7433287847029506
B2_150URI_P6_C1	G[T>C]A	0.006984300818707545	0.5849101324643223	0.40810556671697
B2_150URI_P6_C1	G[T>C]C	0.019353690659661433	0.5043907243635534	0.4762555849767851
B2_150URI_P6_C1	G[T>C]G	0.007677423400359509	0.6138429666234041	0.3784796099762363
B2_150URI_P6_C1	G[T>C]T	0.00044524926831733823	0.5335444988862619	0.4660102518454208
B2_150URI_P6_C1	G[T>G]A	5.421157585673116e-15	0.3820534310637762	0.6179465689362185
B2_150URI_P6_C1	G[T>G]C	6.650468134870493e-15	0.3180386189936511	0.6819613810063423
B2_150URI_P6_C1	G[T>G]G	0.004414608395360973	0.4193003309844429	0.5762850606201961
B2_150URI_P6_C1	G[T>G]T	0.0002067604403516504	0.207548141891054	0.7922450976685944
B2_150URI_P6_C1	T[C>A]A	0.00020921653403716765	0.1558579825131545	0.8439328009528084
B2_150URI_P6_C1	T[C>A]C	0.009230281008836654	0.20864122896374987	0.7821284900274135
B2_150URI_P6_C1	T[C>A]G	4.774656568337405e-15	0.307115338133272	0.6928846618667232
B2_150URI_P6_C1	T[C>A]T	1.807924300420742e-05	0.2435247082774803	0.7564572124795155
B2_150URI_P6_C1	T[C>G]A	1.2647922966754338e-15	0.2762496760207275	0.7237503239792712
B2_150URI_P6_C1	T[C>G]C	0.0010598276569986945	0.24745099112282926	0.7514891812201719
B2_150URI_P6_C1	T[C>G]G	0.0024353786834634033	0.37423080606488535	0.6233338152516513
B2_150URI_P6_C1	T[C>G]T	0.00485288500862309	0.24250562127359937	0.7526414937177777
B2_150URI_P6_C1	T[C>T]A	0.0025578018568103494	0.2917268160881679	0.7057153820550218
B2_150URI_P6_C1	T[C>T]C	9.834086107857049e-05	0.3781720306757877	0.6217296284631336
B2_150URI_P6_C1	T[C>T]G	0.4766001075036903	0.42963036640513547	0.09376952609117434
B2_150URI_P6_C1	T[C>T]T	6.200699621249881e-16	0.3641593958264388	0.6358406041735605
B2_150URI_P6_C1	T[T>A]A	0.0565376141167602	0.33108077127288255	0.6123816146103573
B2_150URI_P6_C1	T[T>A]C	1.7027191342635062e-15	0.19714006218574187	0.8028599378142564
B2_150URI_P6_C1	T[T>A]G	0.00034505074111074657	0.36812629619871334	0.6315286530601759
B2_150URI_P6_C1	T[T>A]T	0.008296505211374544	0.2012135020845481	0.7904899927040774
B2_150URI_P6_C1	T[T>C]A	0.0011770781490932265	0.518172089904487	0.4806508319464198
B2_150URI_P6_C1	T[T>C]C	0.024039075616736447	0.42941151874339734	0.5465494056398663
B2_150URI_P6_C1	T[T>C]G	0.002950937298306526	0.561832381948454	0.43521668075323955
B2_150URI_P6_C1	T[T>C]T	0.019344922855580673	0.5154508129605885	0.46520426418383076
B2_150URI_P6_C1	T[T>G]A	1.8752324166453803e-15	0.2737518965207231	0.7262481034792749
B2_150URI_P6_C1	T[T>G]C	0.0003501888425270193	0.26001053207815006	0.7396392790793229
B2_150URI_P6_C1	T[T>G]G	0.004407651935920604	0.32721605334416226	0.6683762947199171
B2_150URI_P6_C1	T[T>G]T	6.57030559070584e-16	0.24805664733796692	0.7519433526620324
